v <- c(1, 2, 3, 4, 5, 6, 7, 8, 9, 10, 11, 12, 13, 14, 15, 16, 17, 18, 19, 20)
m <- matrix(v, nrow = 4, ncol = 5)
df <- as.data.frame(m)